1 2010-05-27T22:39:52Z 30.2691029532 -97.7493953705 1
2 2010-05-26T14:16:56Z 30.2679095833 -97.7493124167 2
3 2010-05-23T23:13:17Z 39.0019311833 -94.5794659833 3
4 2010-05-23T22:40:45Z 39.0004469333 -94.5777092667 4
5 2010-05-23T17:51:57Z 39.09325785 -94.59387085 5
6 2010-05-23T16:50:50Z 39.0935326667 -94.5931743 6
7 2010-05-22T19:13:12Z 38.9852462167 -94.60591865 7
8 2010-05-22T17:50:55Z 39.2974431129 -94.716053009 9
9 2010-05-22T02:49:04Z 30.248923845 -97.7496260405 10
10 2010-07-25T11:40:18Z 48.86337875 2.333328717 11
11 2010-07-24T12:21:43Z 45.202483667 -0.746830983 12
12 2010-07-15T04:09:15Z 44.724745941 5.03296136 13
13 2010-07-14T04:13:35Z 44.916842649 5.784218561 14